gr_1a <- c(16, 15, 10, 10, 10, 11, 7, 7, 8, 8, 6, 4, 7, 8, 7, 13, 8, 8, 12, 7, 11, 13, 10, 6, 5, 11, 13, 9, 8, 7)

gr_1b <- c(11, 9, 6, 6, 6, 7, 4, 6, 5, 6, 5, 4, 7, 6, 5, 9, 7, 6, 9, 3, 9, 8, 8, 4, 2, 8, 8, 7, 7, 6)


gr2_a <- c(12,11,15,13,9,14,13,12,10,3,4,5,7,8,8,19,15,14,17,15,17,15,20,20,23,20,10,15,33,21)

gr2_b <- c(4,3,6,6,5,4,1,4,4,3,3,6,4,3,5,9,9,8,9,10,8,12,16,16, 12,18,10,10,13,14)


Gr3_a <- c(14,12,13,10,16,13,20,18,14,10,20,20,9,12,12,9,9,12,13,19,12,11,10,17,10,11,11,10,12,10)

Gr3_b <- c(10,9,9,8,12,10,17,10,10,6,11,11,8,9,7,7,8,8,9,6,9,8,6,11,10,5,10,4,7,6)

gr4_a <- c(5.5, 5, 14, 9, 7, 6.5, 8, 5.5, 5, 7, 4, 8, 6, 7, 5.5, 4, 13, 7, 9, 11, 10, 5, 9, 7, 11, 9, 9, 6, 10, 7)

gr4_b <- c(3, 3.5, 11, 7, 5, 4, 6, 4.5, 3.5, 4, 2.5, 5, 3, 4, 2, 2, 2.5, 6, 4, 2, 2, 3, 4, 3, 2, 3, 4, 4, 3, 3)